0 
8 
23 
44 
70 
100 
133 
168 
204 
240 
276 
312 
348 
384 
420 
456 
492 
528 
564 
600 
636 
672 
708 
744 
780 
816 
852 
888 
924 
960 
996 
1032 
1068 
1104 
1140 
1176 
1212 
1248 
1284 
1320 
1356 
1392 
1428 
1464 
1500 
1536 
1572 
1608 
1644 
1680 
1716 
1752 
1788 
1824 
1860 
1896 
1932 
1968 
2004 
2040 
2076 
2112 
2148 
2184 
2220 
2256 
2292 
2328 
2364 
2400 
2436 
2472 
2508 
2544 
2580 
2616 
2652 
2688 
2724 
2760 
2796 
2832 
2868 
2904 
2940 
2976 
3012 
3048 
3084 
3120 
3156 
3192 
3228 
3264 
3300 
3336 
3372 
3408 
3444 
3480 
3516 
3552 
3588 
3624 
3660 
3696 
3732 
3768 
3804 
3840 
3876 
3912 
3948 
3984 
4020 
4056 
4092 
4128 
4164 
4200 
4236 
4272 
4308 
4344 
4380 
4416 
4452 
4488 
4524 
4560 
4596 
4632 
4668 
4704 
4740 
4776 
4812 
4848 
4884 
4920 
4956 
4992 
5028 
5064 
5100 
5136 
5172 
5208 
5244 
5280 
5316 
5352 
5388 
5424 
5460 
5496 
5532 
5568 
5604 
5640 
5676 
5712 
5748 
5784 
5820 
5856 
5892 
5928 
5964 
6000 
6036 
6072 
6108 
6144 
6180 
6216 
6252 
6288 
6324 
6360 
6396 
6432 
6468 
6504 
6540 
6576 
6612 
6648 
6684 
6720 
6756 
6792 
6828 
6864 
6900 
6936 
6972 
7008 
7044 
7080 
7116 
7152 
7188 
7224 
7260 
7296 
7332 
7368 
7404 
7440 
7476 
7512 
7548 
7584 
7620 
7656 
7692 
7728 
7764 
7800 
7836 
7872 
7908 
7944 
7980 
8016 
8052 
8088 
8124 
8160 
8196 
8232 
8268 
8304 
8340 
8376 
8412 
8448 
8484 
8520 
8556 
8592 
8628 
8664 
8700 
8736 
8772 
8808 
8844 
8880 
8916 
8952 
8988 
9024 
9060 
9096 
